50 64 0 7
3 30 1
5 30 2
7 10 1
7 30 3
7 51 4
8 51 4
9 10 2
9 30 4
9 51 4
10 51 4
11 10 3
11 30 5
11 51 4
12 21 1
12 23 2
12 25 3
12 27 4
12 29 5
12 30 5
12 31 5
12 33 4
12 35 3
12 37 2
12 39 1
12 51 4
13 10 4
13 30 5
13 51 4
14 51 4
15 10 5
15 30 4
15 51 4
16 51 4
17 10 6
17 30 3
17 51 4
18 51 4
19 10 7
19 31 2
19 51 4
20 3 4
20 5 5
20 7 6
20 9 7
20 10 7
20 11 7
20 13 6
20 15 5
20 17 4
20 19 3
20 21 2
20 23 1
20 51 4
21 10 7
21 30 1
21 51 4
22 30 1
22 51 4
23 10 6
23 51 4
24 30 2
24 51 4
25 10 5
25 51 4
26 30 3
26 51 4
27 10 4
27 51 4
28 31 4
28 51 4
29 10 3
29 51 4
30 31 5
30 35 3
30 51 4
31 10 2
31 21 1
31 23 2
31 25 3
31 26 3
31 29 5
31 30 5
31 31 5
31 33 4
31 35 3
31 37 2
31 39 1
31 51 4
32 26 3
32 30 5
33 10 1
34 30 4
36 30 3
38 30 2
40 30 1
44 10 3
44 11 3
44 12 3
44 13 3
44 14 3
44 15 3
44 16 3
44 17 3
44 18 3
44 19 3
44 20 3
44 21 3
44 22 3
44 23 3
44 24 3
44 25 3
44 26 3
44 27 3
44 28 3
44 29 3
44 30 3
44 31 3
44 32 3
44 33 3
44 34 3
44 35 3
44 36 3
44 37 3
44 38 3
44 39 3
44 40 3
44 41 3
44 42 3
44 43 3
44 44 3
44 45 3
44 46 3
44 47 3
44 48 3
44 49 3
44 50 3
44 51 3
44 52 3
45 10 3
45 11 3
45 12 3
45 13 3
45 14 3
45 15 3
45 16 3
45 17 3
45 18 3
45 19 3
45 20 3
45 21 3
45 22 3
45 23 3
45 24 3
45 25 3
45 26 3
45 27 3
45 28 3
45 29 3
45 30 3
45 31 3
45 32 3
45 33 3
45 34 3
45 35 3
45 36 3
45 37 3
45 38 3
45 39 3
45 40 3
45 41 3
45 42 3
45 43 3
45 44 3
45 45 3
45 46 3
45 47 3
45 48 3
45 49 3
45 50 3
45 51 3
45 52 3
