
********COMPRESSION********


 Zero-Framed Array after first pass distance transform:
0   0   0   0   0   0   0   0   0   0   0   0   0   0   0   0   0   0   0   0   0   0   0   0   
0   0   0   0   0   0   0   0   0   0   0   0   1   0   0   0   0   0   0   0   0   0   0   0   
0   0   0   0   0   0   0   0   0   0   0   0   1   0   0   0   0   0   0   0   0   0   0   0   
0   0   0   0   0   0   0   0   0   0   0   0   1   0   0   0   0   0   0   0   0   0   0   0   
0   0   0   0   0   0   0   0   0   0   0   0   1   0   0   0   0   0   0   0   0   0   0   0   
0   0   0   0   0   0   0   0   0   1   1   1   1   1   1   1   0   0   0   0   0   0   0   0   
0   0   0   0   0   0   0   0   1   1   2   2   2   2   2   1   1   0   0   0   0   0   0   0   
0   0   0   0   0   0   0   1   1   2   2   3   3   3   2   2   1   1   0   0   0   0   0   0   
0   0   0   0   0   0   1   1   2   2   3   3   4   3   3   2   2   1   1   0   0   0   0   0   
0   0   0   0   0   0   1   2   2   3   3   4   4   4   3   3   2   2   1   0   0   0   0   0   
0   0   0   0   0   1   1   2   3   3   4   4   5   4   4   3   3   2   1   1   0   0   0   0   
0   1   1   1   1   1   2   2   3   4   4   5   5   5   4   4   3   2   2   1   1   1   1   0   
0   0   0   0   0   1   2   3   3   4   5   5   6   5   5   4   3   3   2   2   0   0   0   0   
0   0   0   0   0   0   1   2   3   4   5   6   6   6   5   4   4   3   3   0   0   0   0   0   
0   0   0   0   0   0   1   2   3   4   5   6   7   6   5   5   4   4   1   0   0   0   0   0   
0   0   0   0   0   0   0   1   2   3   4   5   6   6   6   5   5   2   0   0   0   0   0   0   
0   0   0   0   0   0   0   0   1   2   3   4   5   6   6   6   3   0   0   0   0   0   0   0   
0   0   0   0   0   0   0   0   0   1   2   3   4   5   6   4   0   0   0   0   0   0   0   0   
0   0   0   0   0   0   0   0   0   0   0   1   2   3   0   0   0   0   0   0   0   0   0   0   
0   0   0   0   0   0   0   0   0   0   0   1   2   1   0   0   0   0   0   0   0   0   0   0   
0   0   0   0   0   0   0   0   0   0   0   1   2   1   0   0   0   0   0   0   0   0   0   0   
0   0   0   0   0   0   0   0   0   0   0   0   0   0   0   0   0   0   0   0   0   0   0   0   

Zero-Framed Array after second pass distance transform:
0   0   0   0   0   0   0   0   0   0   0   0   0   0   0   0   0   0   0   0   0   0   0   0   
0   0   0   0   0   0   0   0   0   0   0   0   1   0   0   0   0   0   0   0   0   0   0   0   
0   0   0   0   0   0   0   0   0   0   0   0   1   0   0   0   0   0   0   0   0   0   0   0   
0   0   0   0   0   0   0   0   0   0   0   0   1   0   0   0   0   0   0   0   0   0   0   0   
0   0   0   0   0   0   0   0   0   0   0   0   1   0   0   0   0   0   0   0   0   0   0   0   
0   0   0   0   0   0   0   0   0   1   1   1   1   1   1   1   0   0   0   0   0   0   0   0   
0   0   0   0   0   0   0   0   1   1   2   2   2   2   2   1   1   0   0   0   0   0   0   0   
0   0   0   0   0   0   0   1   1   2   2   3   3   3   2   2   1   1   0   0   0   0   0   0   
0   0   0   0   0   0   1   1   2   2   3   3   4   3   3   2   2   1   1   0   0   0   0   0   
0   0   0   0   0   0   1   2   2   3   3   4   4   4   3   3   2   2   1   0   0   0   0   0   
0   0   0   0   0   1   1   2   3   3   4   4   5   4   4   3   3   2   1   1   0   0   0   0   
0   1   1   1   1   1   2   2   3   4   4   5   5   5   4   4   3   2   2   1   1   1   1   0   
0   0   0   0   0   1   1   2   3   3   4   4   5   4   4   3   3   2   1   1   0   0   0   0   
0   0   0   0   0   0   1   2   2   3   3   4   4   4   3   3   2   2   1   0   0   0   0   0   
0   0   0   0   0   0   1   1   2   2   3   3   4   3   3   2   2   1   1   0   0   0   0   0   
0   0   0   0   0   0   0   1   1   2   2   3   3   3   2   2   1   1   0   0   0   0   0   0   
0   0   0   0   0   0   0   0   1   1   2   2   2   2   2   1   1   0   0   0   0   0   0   0   
0   0   0   0   0   0   0   0   0   1   1   1   2   1   1   1   0   0   0   0   0   0   0   0   
0   0   0   0   0   0   0   0   0   0   0   1   2   1   0   0   0   0   0   0   0   0   0   0   
0   0   0   0   0   0   0   0   0   0   0   1   2   1   0   0   0   0   0   0   0   0   0   0   
0   0   0   0   0   0   0   0   0   0   0   1   1   1   0   0   0   0   0   0   0   0   0   0   
0   0   0   0   0   0   0   0   0   0   0   0   0   0   0   0   0   0   0   0   0   0   0   0   

Skeleton Array after compute Local Maxima:
0   0   0   0   0   0   0   0   0   0   0   0   0   0   0   0   0   0   0   0   0   0   0   0   
0   0   0   0   0   0   0   0   0   0   0   0   1   0   0   0   0   0   0   0   0   0   0   0   
0   0   0   0   0   0   0   0   0   0   0   0   1   0   0   0   0   0   0   0   0   0   0   0   
0   0   0   0   0   0   0   0   0   0   0   0   1   0   0   0   0   0   0   0   0   0   0   0   
0   0   0   0   0   0   0   0   0   0   0   0   1   0   0   0   0   0   0   0   0   0   0   0   
0   0   0   0   0   0   0   0   0   0   0   0   0   0   0   0   0   0   0   0   0   0   0   0   
0   0   0   0   0   0   0   0   0   0   0   0   0   0   0   0   0   0   0   0   0   0   0   0   
0   0   0   0   0   0   0   0   0   0   0   0   0   0   0   0   0   0   0   0   0   0   0   0   
0   0   0   0   0   0   0   0   0   0   0   0   4   0   0   0   0   0   0   0   0   0   0   0   
0   0   0   0   0   0   0   0   0   0   0   0   0   0   0   0   0   0   0   0   0   0   0   0   
0   0   0   0   0   0   0   0   0   0   0   0   5   0   0   0   0   0   0   0   0   0   0   0   
0   1   1   1   1   0   2   0   0   4   0   5   5   5   0   4   0   0   2   0   1   1   1   0   
0   0   0   0   0   0   0   0   0   0   0   0   5   0   0   0   0   0   0   0   0   0   0   0   
0   0   0   0   0   0   0   0   0   0   0   0   0   0   0   0   0   0   0   0   0   0   0   0   
0   0   0   0   0   0   0   0   0   0   0   0   4   0   0   0   0   0   0   0   0   0   0   0   
0   0   0   0   0   0   0   0   0   0   0   0   0   0   0   0   0   0   0   0   0   0   0   0   
0   0   0   0   0   0   0   0   0   0   0   0   0   0   0   0   0   0   0   0   0   0   0   0   
0   0   0   0   0   0   0   0   0   0   0   0   2   0   0   0   0   0   0   0   0   0   0   0   
0   0   0   0   0   0   0   0   0   0   0   0   2   0   0   0   0   0   0   0   0   0   0   0   
0   0   0   0   0   0   0   0   0   0   0   0   2   0   0   0   0   0   0   0   0   0   0   0   
0   0   0   0   0   0   0   0   0   0   0   0   0   0   0   0   0   0   0   0   0   0   0   0   
0   0   0   0   0   0   0   0   0   0   0   0   0   0   0   0   0   0   0   0   0   0   0   0   

********DE-COMPRESSION********


Zero Framed Array after First Expansion:
0   0   0   0   0   0   0   0   0   0   0   0   0   0   0   0   0   0   0   0   0   0   0   0   
0   0   0   0   0   0   0   0   0   0   0   0   1   0   0   0   0   0   0   0   0   0   0   0   
0   0   0   0   0   0   0   0   0   0   0   0   1   0   0   0   0   0   0   0   0   0   0   0   
0   0   0   0   0   0   0   0   0   0   0   0   1   0   0   0   0   0   0   0   0   0   0   0   
0   0   0   0   0   0   0   0   0   0   0   0   1   0   0   0   0   0   0   0   0   0   0   0   
0   0   0   0   0   0   0   0   0   0   0   0   0   0   0   0   0   0   0   0   0   0   0   0   
0   0   0   0   0   0   0   0   0   0   0   0   0   0   0   0   0   0   0   0   0   0   0   0   
0   0   0   0   0   0   0   0   0   0   0   3   3   3   2   0   0   0   0   0   0   0   0   0   
0   0   0   0   0   0   0   0   0   0   2   3   4   3   2   0   0   0   0   0   0   0   0   0   
0   0   0   0   0   0   0   0   0   0   2   4   4   4   3   2   0   0   0   0   0   0   0   0   
0   0   0   0   0   0   0   0   3   3   4   4   5   4   4   3   3   2   0   0   0   0   0   0   
0   1   1   1   1   0   2   2   3   4   4   5   5   5   4   4   3   2   2   0   1   1   1   0   
0   0   0   0   0   0   0   2   3   3   4   4   5   4   4   3   3   2   0   0   0   0   0   0   
0   0   0   0   0   0   0   2   2   3   3   4   4   4   3   3   2   2   0   0   0   0   0   0   
0   0   0   0   0   0   0   0   2   2   3   3   4   3   3   2   2   0   0   0   0   0   0   0   
0   0   0   0   0   0   0   0   0   2   2   3   3   3   2   2   0   0   0   0   0   0   0   0   
0   0   0   0   0   0   0   0   0   0   2   2   2   2   2   0   0   0   0   0   0   0   0   0   
0   0   0   0   0   0   0   0   0   0   0   0   2   0   0   0   0   0   0   0   0   0   0   0   
0   0   0   0   0   0   0   0   0   0   0   0   2   0   0   0   0   0   0   0   0   0   0   0   
0   0   0   0   0   0   0   0   0   0   0   0   2   0   0   0   0   0   0   0   0   0   0   0   
0   0   0   0   0   0   0   0   0   0   0   0   0   0   0   0   0   0   0   0   0   0   0   0   
0   0   0   0   0   0   0   0   0   0   0   0   0   0   0   0   0   0   0   0   0   0   0   0   

Zero Framed Array after Second Expansion:
0   0   0   0   0   0   0   0   0   0   0   0   0   0   0   0   0   0   0   0   0   0   0   0   
0   0   0   0   0   0   0   0   0   0   0   0   1   0   0   0   0   0   0   0   0   0   0   0   
0   0   0   0   0   0   0   0   0   0   0   0   1   0   0   0   0   0   0   0   0   0   0   0   
0   0   0   0   0   0   0   0   0   0   0   0   1   0   0   0   0   0   0   0   0   0   0   0   
0   0   0   0   0   0   0   0   0   0   0   0   1   0   0   0   0   0   0   0   0   0   0   0   
0   0   0   0   0   0   0   0   0   1   1   1   1   1   1   1   0   0   0   0   0   0   0   0   
0   0   0   0   0   0   0   0   1   1   2   2   2   2   2   1   1   0   0   0   0   0   0   0   
0   0   0   0   0   0   0   1   1   2   2   3   3   3   2   2   1   1   0   0   0   0   0   0   
0   0   0   0   0   0   1   1   2   2   3   3   4   3   3   2   2   1   1   0   0   0   0   0   
0   0   0   0   0   0   1   2   2   3   3   4   4   4   3   3   2   2   1   0   0   0   0   0   
0   0   0   0   0   1   1   2   3   3   4   4   5   4   4   3   3   2   1   1   0   0   0   0   
0   1   1   1   1   1   2   2   3   4   4   5   5   5   4   4   3   2   2   1   1   1   1   0   
0   0   0   0   0   1   1   2   3   3   4   4   5   4   4   3   3   2   1   1   0   0   0   0   
0   0   0   0   0   0   1   2   2   3   3   4   4   4   3   3   2   2   1   0   0   0   0   0   
0   0   0   0   0   0   1   1   2   2   3   3   4   3   3   2   2   1   1   0   0   0   0   0   
0   0   0   0   0   0   0   1   1   2   2   3   3   3   2   2   1   1   0   0   0   0   0   0   
0   0   0   0   0   0   0   0   1   1   2   2   2   2   2   1   1   0   0   0   0   0   0   0   
0   0   0   0   0   0   0   0   0   1   1   1   2   1   1   1   0   0   0   0   0   0   0   0   
0   0   0   0   0   0   0   0   0   0   0   1   2   1   0   0   0   0   0   0   0   0   0   0   
0   0   0   0   0   0   0   0   0   0   0   1   2   1   0   0   0   0   0   0   0   0   0   0   
0   0   0   0   0   0   0   0   0   0   0   1   1   1   0   0   0   0   0   0   0   0   0   0   
0   0   0   0   0   0   0   0   0   0   0   0   0   0   0   0   0   0   0   0   0   0   0   0   
